12,228,10,1
55,72,15,1
57,12,16,1
34,104,29,1
89,40,28,1
35,20,24,1
16,92,21,1
70,3,16,1
26,103,26,1
89,65,30,1
81,38,19,1
106,38,20,1
94,58,29,1
105,56,18,1
12,131,11,1
44,111,12,1
90,42,19,1
114,51,20,1
85,71,16,1
25,107,12,1
10,114,18,1
95,12,17,1
55,107,14,1
91,55,19,1
83,37,15,1
67,15,18,1
96,53,15,1
119,346,18,2
74,307,19,2
104,357,18,2
154,334,18,2
138,358,14,2
139,382,20,2
89,265,14,2
168,419,8,2
110,283,28,2
18,301,15,2
142,336,30,2
191,290,10,2
168,343,21,2
184,321,19,2
168,384,12,2
81,279,30,2
212,313,13,2
108,393,30,2
172,228,11,2
31,276,13,2
158,355,21,2
176,242,15,2
121,391,29,2
152,319,24,2
144,238,17,2
184,256,17,2
207,300,16,2
105,391,19,2
191,255,14,2
127,434,15,2
113,254,18,2
123,409,14,2
157,302,27,2
210,324,14,2
165,347,13,2
206,353,15,2
167,369,20,2
135,355,28,2
181,340,21,2
136,391,24,2
144,359,28,2
168,362,23,2
130,333,18,2
32,292,12,2
155,356,18,2
161,372,10,2
176,286,11,2
135,441,11,2
229,355,9,2
181,368,19,2
206,265,14,2
47,298,15,2
145,380,18,2
204,321,18,2
159,370,18,2
20,295,13,2
138,408,12,2
119,334,23,2
202,348,18,2
172,243,15,2
39,270,12,2
152,249,19,2
50,245,15,2
217,249,11,2
82,245,12,2
151,335,24,2
37,281,12,2
113,418,13,2
188,270,19,2
129,352,10,2
150,428,14,2
67,326,15,2
60,320,16,2
60,223,12,2
159,353,12,2
207,263,14,2
33,306,16,2
171,368,11,2
182,343,11,2
45,359,30,3
14,333,11,3
53,328,26,3
28,350,13,3
26,345,13,3
27,446,30,4
83,441,11,4
69,451,25,4
88,414,30,4
14,443,17,4
4,418,20,4
136,483,10,4
98,490,12,4
18,424,22,4
83,441,27,4
59,485,15,4
97,427,30,4
98,432,30,4
45,477,12,4
78,514,11,4
69,448,24,4
76,381,20,4
47,496,16,4
80,443,25,4
46,485,21,4
54,438,16,4
28,377,17,4
83,415,28,4
60,458,16,4
6,364,20,4
94,459,9,4
89,437,17,4
16,473,18,4
81,485,17,4
5,460,17,4
87,459,12,4
23,544,8,4
74,542,9,4
6,352,13,4
53,508,8,4
44,516,14,4
21,499,8,4
107,452,11,4
119,471,15,4
107,489,10,4
111,437,16,4
82,467,15,4
115,442,12,4
2,445,11,4
120,501,9,4
141,650,6,5
108,735,24,5
117,637,18,5
75,759,25,5
92,687,30,5
125,585,12,5
145,636,11,5
38,644,22,5
36,653,8,5
162,670,17,5
14,662,29,5
2,744,16,5
69,635,26,5
48,650,22,5
95,644,29,5
112,590,17,5
83,602,24,5
88,657,15,5
118,681,24,5
33,577,14,5
30,637,24,5
77,762,22,5
145,683,19,5
129,677,25,5
121,682,24,5
72,590,12,5
2,746,9,5
31,661,22,5
77,733,28,5
13,612,17,5
65,584,17,5
118,694,27,5
115,666,28,5
33,658,28,5
73,615,24,5
89,640,8,5
128,664,11,5
161,668,11,5
52,749,27,5
54,646,30,5
103,585,21,5
86,674,26,5
47,645,8,5
11,740,9,5
123,644,19,5
111,672,29,5
27,665,8,5
59,598,21,5
102,662,20,5
61,607,22,5
72,609,21,5
49,756,20,5
113,572,19,5
110,583,14,5
51,674,25,5
118,626,8,5
96,650,8,5
174,720,8,5
44,606,10,5
137,599,15,5
97,574,15,5
102,613,14,5
65,572,9,5
19,613,8,5
145,711,16,5
124,562,9,5
57,608,25,5
103,704,7,5
63,617,16,5
134,677,19,5
106,717,7,5
71,587,15,5
126,683,12,5
148,731,9,5
44,759,19,5
56,819,12,6
70,824,16,6
12,853,11,6
41,839,13,6
47,839,14,6
21,859,13,6
97,798,13,6
63,863,14,6
14,928,9,6
28,832,8,6
6,876,8,6
12,862,11,6
112,783,6,6
89,800,8,6
68,797,8,6
85,805,11,6
10,888,14,6
94,811,18,6
88,798,11,6
111,799,11,6
77,812,11,6
69,828,6,6
34,808,6,6
43,844,11,6
71,862,15,6
72,856,15,6
38,819,7,6
76,818,13,6
30,842,7,6
54,835,15,6
38,802,6,6
23,842,10,6
28,822,7,6
104,799,14,6
178,140,18,7
284,206,11,7
241,151,20,7
85,115,13,7
24,158,13,7
71,122,14,7
84,113,15,7
88,926,6,8
152,912,11,8
173,809,14,8
153,897,15,8
143,787,5,8
108,840,28,8
201,837,10,8
136,805,22,8
101,899,19,8
150,907,10,8
108,945,5,8
145,835,30,8
64,914,7,8
93,858,27,8
136,792,18,8
27,896,14,8
210,811,8,8
24,902,13,8
189,825,11,8
172,803,18,8
154,915,8,8
117,926,8,8
176,792,14,8
138,817,8,8
204,806,12,8
177,809,7,8
202,773,8,8
31,912,14,8
194,816,11,8
181,818,18,8
25,883,15,8
46,903,5,8
91,858,21,8
44,929,11,8
138,911,15,8
51,887,6,8
197,782,7,8
203,827,6,8
52,893,19,8
29,904,5,8
117,814,19,8
53,916,15,8
147,892,10,8
115,904,11,8
172,806,11,8
94,896,5,8
87,916,8,8
71,914,16,8
167,756,10,8
164,833,27,8
65,940,5,8
54,939,6,8
145,817,5,8
235,735,7,8
141,797,18,8
98,909,7,8
190,856,15,8
115,857,6,8
196,864,10,8
123,789,11,8
166,739,9,8
184,811,12,8
130,816,20,8
185,779,16,8
186,889,7,8
118,913,6,8
205,783,6,8
130,808,15,8
194,759,12,8
145,908,8,8
186,882,14,8
122,808,12,8
221,778,8,8
57,946,8,8
150,1002,23,9
178,984,5,9
143,982,20,9
130,978,18,9
176,946,4,9
132,967,5,9
230,956,10,9
215,1013,4,9
173,17,25,10
135,4,23,10
235,49,22,10
168,27,25,10
262,2,17,10
214,37,18,10
111,2,15,10
208,27,24,10
272,59,18,10
218,27,23,10
213,24,27,10
217,19,20,10
140,44,16,10
266,44,19,10
249,15,17,10
253,34,22,10
219,5,30,10
225,25,28,10
251,51,20,10
224,14,21,10
249,28,18,10
207,17,24,10
221,24,29,10
233,11,26,10
209,33,24,10
183,12,20,10
214,16,27,10
253,12,17,10
258,32,22,10
220,32,19,10
227,6,17,10
232,4,22,10
229,16,15,10
201,32,19,10
262,93,14,10
228,37,27,10
218,37,12,10
199,7,11,10
246,15,12,10
221,23,17,10
221,15,24,10
271,51,17,10
154,7,12,10
273,61,15,10
229,36,13,10
210,12,12,10
127,3,20,10
225,31,15,10
220,31,16,10
237,21,28,10
188,23,20,10
254,82,13,10
168,4,18,10
255,43,12,10
264,72,17,10
272,16,18,10
240,14,23,10
211,27,27,10
227,34,19,10
212,25,13,10
230,49,19,10
255,87,15,10
217,43,18,10
213,36,26,10
271,27,16,10
259,54,17,10
323,68,12,10
230,38,21,10
246,32,17,10
275,24,14,10
269,99,12,10
214,42,16,10
253,7,15,10
245,46,18,10
221,25,20,10
272,85,15,10
282,11,12,10
269,89,11,10
237,24,13,10
289,60,13,10
263,79,13,10
170,23,20,10
311,549,19,11
191,559,14,11
362,610,13,11
253,642,18,11
288,610,19,11
184,555,13,11
243,643,23,11
326,580,12,11
233,716,7,11
286,537,17,11
251,575,28,11
368,569,7,11
337,633,7,11
314,559,18,11
259,636,17,11
341,545,19,11
356,575,19,11
255,609,19,11
291,593,30,11
242,623,18,11
369,603,21,11
332,567,28,11
259,645,24,11
322,557,17,11
257,557,21,11
268,675,9,11
257,523,18,11
325,558,18,11
199,613,16,11
262,558,17,11
246,553,8,11
192,525,11,11
246,654,19,11
284,660,8,11
280,668,16,11
321,645,8,11
361,573,22,11
235,554,20,11
224,516,19,11
224,606,21,11
376,570,19,11
216,524,15,11
260,557,26,11
287,594,29,11
190,556,12,11
206,536,13,11
212,639,16,11
212,555,14,11
230,709,6,11
240,652,19,11
204,610,13,11
230,517,10,11
255,675,13,11
265,669,9,11
204,536,12,11
192,618,10,11
270,534,12,11
217,575,9,11
332,567,18,11
204,552,15,11
295,564,7,11
287,567,29,11
275,567,9,11
218,616,12,11
376,610,18,11
313,552,17,11
348,634,8,11
205,622,15,11
264,546,8,11
275,540,9,11
265,661,8,11
173,541,9,11
281,668,10,11
355,599,9,11
237,654,12,11
224,518,7,11
295,558,9,11
311,431,18,12
333,468,11,12
398,479,11,12
388,495,22,12
250,450,19,12
332,453,8,12
295,452,15,12
343,509,30,12
357,450,16,12
406,502,21,12
289,430,19,12
359,517,30,12
369,475,10,12
317,446,25,12
376,524,17,12
364,478,29,12
387,514,21,12
347,509,30,12
226,478,15,12
361,469,25,12
328,504,30,12
204,432,11,12
358,512,14,12
363,514,28,12
392,514,21,12
344,474,8,12
395,497,20,12
389,511,29,12
361,542,19,12
342,516,30,12
382,463,20,12
395,522,21,12
206,505,17,12
183,511,10,12
297,431,14,12
317,443,27,12
391,483,16,12
354,498,27,12
389,492,20,12
286,435,9,12
418,516,11,12
242,448,21,12
391,519,18,12
366,522,20,12
396,511,13,12
378,515,29,12
245,446,20,12
190,497,11,12
401,549,15,12
337,501,23,12
206,445,9,12
425,526,11,12
397,572,14,12
234,463,12,12
183,477,9,12
400,497,10,12
337,512,10,12
371,468,15,12
388,510,11,12
378,538,16,12
417,518,15,12
344,530,15,12
209,451,12,12
373,551,15,12
416,475,12,12
225,506,13,12
430,487,8,12
322,448,22,12
239,458,13,12
313,910,8,13
307,920,19,13
301,913,10,13
281,854,14,13
268,865,8,13
230,883,17,13
319,955,21,13
289,898,30,13
273,987,4,13
265,969,6,13
321,956,10,13
285,838,11,13
334,955,13,13
283,952,21,13
218,893,7,13
277,833,12,13
221,879,8,13
209,918,9,13
230,919,5,13
257,933,26,13
244,854,10,13
243,856,8,13
252,838,7,13
301,953,5,13
258,851,8,13
240,943,7,13
237,838,10,13
237,930,7,13
323,931,5,13
205,904,11,13
218,914,6,13
253,833,13,13
216,914,11,13
233,868,8,13
266,833,7,13
304,986,10,13
373,841,10,14
295,778,8,14
380,944,30,14
267,1014,7,14
462,982,13,14
386,951,30,14
393,940,30,14
407,1017,9,14
320,1025,21,14
397,939,30,14
367,931,30,14
387,962,11,14
296,820,9,14
336,840,6,14
310,794,13,14
322,833,19,14
403,880,28,14
393,950,25,14
236,759,8,14
389,1022,20,14
380,912,30,14
321,1018,20,14
259,994,6,14
358,1025,14,14
351,935,18,14
360,896,30,14
273,1014,8,14
333,866,19,14
462,948,12,14
327,878,10,14
362,978,8,14
388,868,24,14
364,882,27,14
336,823,16,14
348,859,21,14
353,993,6,14
359,942,18,14
372,1010,20,14
356,999,11,14
473,916,9,14
377,1018,18,14
280,800,7,14
336,1016,8,14
298,797,6,14
456,996,5,14
328,1004,13,14
380,870,23,14
313,999,11,14
386,1025,4,14
362,869,27,14
428,999,7,14
346,1006,9,14
378,953,8,14
472,946,12,14
429,966,13,14
437,973,20,14
337,844,11,14
434,977,9,14
368,825,10,14
369,833,15,14
472,958,10,14
385,847,8,14
347,885,27,14
264,1025,7,14
421,949,25,14
403,1013,5,14
320,1011,10,14
453,911,11,14
338,841,12,14
367,862,24,14
281,1007,11,14
332,866,7,14
383,842,12,14
312,808,15,14
364,831,5,14
372,1007,8,14
342,1000,10,14
347,1011,15,14
316,854,9,14
416,924,7,14
371,952,11,14
342,808,10,14
414,982,7,14
334,863,14,14
369,908,4,14
374,952,9,14
456,917,10,14
346,827,12,14
317,1003,7,14
456,974,13,14
456,972,8,14
344,841,21,14
348,898,5,14
272,786,8,14
389,845,9,14
411,987,18,14
283,776,11,14
320,840,20,14
409,989,13,14
369,994,12,14
345,855,20,14
379,958,11,14
378,1025,16,14
359,996,14,14
373,863,12,14
333,867,10,14
327,848,10,14
333,1007,12,14
299,1023,6,14
441,978,17,14
338,875,10,14
342,837,18,14
467,986,4,14
299,863,7,14
458,966,18,14
326,857,6,14
436,985,9,14
281,759,5,14
335,825,5,14
356,924,11,14
292,857,9,14
270,758,8,14
304,826,7,14
443,990,12,14
301,777,9,14
317,857,7,14
470,951,8,14
345,852,9,14
349,986,11,14
348,810,7,14
390,902,5,14
418,980,9,14
348,378,11,15
370,291,13,15
396,390,8,15
406,322,19,15
451,280,12,15
371,338,25,15
392,285,17,15
394,334,12,15
327,337,21,15
313,356,28,15
307,299,13,15
377,362,11,15
297,340,13,15
407,316,10,15
377,332,22,15
427,409,9,15
337,390,12,15
411,375,12,15
392,248,14,15
382,323,22,15
413,320,18,15
327,382,15,15
404,390,14,15
401,371,17,15
274,332,9,15
383,253,15,15
382,366,20,15
389,389,13,15
414,301,17,15
298,396,11,15
279,347,13,15
370,249,14,15
428,282,12,15
405,365,13,15
402,355,16,15
396,346,11,15
293,332,17,15
284,309,11,15
427,352,10,15
373,288,19,15
395,306,21,15
372,259,13,15
330,254,11,15
490,267,12,15
392,232,12,15
288,361,13,15
369,316,29,15
285,296,15,15
400,360,15,15
298,367,9,15
450,344,11,15
384,398,9,15
282,352,11,15
470,297,11,15
377,231,11,15
457,280,13,15
386,384,14,15
419,166,16,16
461,22,10,16
402,145,16,16
483,156,11,16
377,160,25,16
376,127,19,16
494,174,14,16
363,192,15,16
406,207,13,16
401,78,11,16
489,225,12,16
378,155,22,16
392,188,25,16
394,195,24,16
356,160,12,16
347,123,12,16
317,177,12,16
341,168,14,16
369,160,13,16
391,183,28,16
383,101,15,16
433,122,11,16
398,131,23,16
358,96,17,16
423,235,11,16
502,207,10,16
385,152,12,16
507,247,13,16
474,132,11,16
433,119,16,16
367,133,14,16
352,136,11,16
402,94,12,16
366,100,11,16
475,180,22,16
438,107,11,16
364,134,17,16
374,118,16,16
436,230,10,16
403,129,15,16
380,110,11,16
345,175,13,16
485,175,13,16
469,149,11,16
336,171,11,16
460,656,10,17
409,651,9,17
482,603,6,17
477,676,10,17
500,679,19,17
362,692,13,17
483,731,30,17
427,669,14,17
496,795,9,17
471,654,23,17
462,740,21,17
500,735,27,17
497,732,19,17
475,749,17,17
479,735,6,17
477,722,17,17
501,686,11,17
508,731,18,17
498,740,19,17
467,750,21,17
458,774,16,17
396,695,18,17
446,643,26,17
390,617,9,17
478,741,21,17
510,660,7,17
460,754,23,17
510,602,22,17
475,754,22,17
473,749,26,17
495,663,28,17
439,745,20,17
503,702,6,17
367,661,13,17
506,754,9,17
465,760,24,17
457,645,25,17
494,652,18,17
444,752,16,17
475,741,14,17
463,763,18,17
398,728,22,17
447,761,19,17
426,639,21,17
401,719,6,17
397,720,15,17
505,722,15,17
419,733,16,17
394,714,16,17
506,767,6,17
384,705,19,17
480,754,8,17
389,692,21,17
508,798,9,17
503,691,11,17
397,657,12,17
439,637,16,17
507,560,15,17
376,690,13,17
422,756,9,17
472,765,15,17
487,660,9,17
496,757,17,17
418,740,18,17
377,666,7,17
415,739,9,17
487,736,13,17
507,604,9,17
449,722,10,17
430,630,16,17
457,745,9,17
403,676,23,17
473,758,9,17
474,621,9,17
429,616,17,17
424,618,9,17
480,736,23,17
477,763,9,17
421,642,13,17
487,784,6,17
404,664,8,17
468,755,12,17
482,774,16,17
505,595,16,17
376,699,9,17
500,741,13,17
508,590,8,17
478,765,12,17
473,782,5,17
483,803,9,17
492,778,8,17
452,611,8,17
428,663,6,17
440,620,9,17
440,593,9,17
504,547,7,17
621,882,14,18
499,1016,10,18
519,996,18,18
559,911,15,18
572,836,14,18
568,845,18,18
527,1018,5,18
623,888,10,18
631,858,11,18
599,929,30,18
611,925,12,18
560,803,12,18
539,808,5,18
503,980,10,18
535,812,10,18
591,796,7,18
567,1010,10,18
570,908,30,18
507,954,17,18
529,989,22,18
557,811,14,18
569,991,20,18
544,924,28,18
524,921,22,18
522,865,15,18
627,843,16,18
498,1010,19,18
538,999,20,18
513,987,18,18
552,956,29,18
665,897,10,18
496,1000,14,18
540,874,6,18
538,920,28,18
597,958,23,18
522,819,6,18
680,887,5,18
531,861,14,18
542,1013,5,18
586,812,11,18
522,972,20,18
498,1023,18,18
640,857,6,18
565,973,25,18
557,865,23,18
503,1011,10,18
535,824,10,18
585,771,8,18
503,942,7,18
561,979,21,18
521,861,8,18
612,837,12,18
641,900,18,18
540,997,11,18
500,956,17,18
511,990,18,18
565,979,13,18
543,971,23,18
663,881,9,18
506,937,18,18
514,1019,18,18
505,988,16,18
585,829,15,18
650,921,9,18
501,929,14,18
572,769,10,18
557,978,21,18
532,999,18,18
637,910,15,18
585,1019,3,18
597,807,10,18
647,849,12,18
564,977,21,18
602,925,17,18
553,1004,19,18
560,845,10,18
597,832,7,18
558,808,11,18
571,817,15,18
514,945,8,18
527,1001,21,18
658,882,11,18
533,850,8,18
493,953,8,18
625,925,13,18
618,893,4,18
623,834,12,18
530,823,8,18
492,958,5,18
557,997,19,18
489,1002,10,18
567,828,17,18
605,922,9,18
599,832,11,18
571,825,14,18
540,845,14,18
571,828,19,18
591,825,5,18
593,993,3,18
559,797,9,18
547,821,11,18
636,944,13,18
595,986,10,18
527,855,8,18
555,989,10,18
599,948,13,18
513,925,18,18
550,797,7,18
643,851,6,18
568,789,14,18
667,904,7,18
483,998,11,18
525,925,17,18
573,837,8,18
633,844,13,18
646,863,8,18
558,790,9,18
536,861,10,18
594,960,12,18
495,954,10,18
644,914,9,18
597,817,8,18
579,800,13,18
477,1009,4,18
658,882,8,18
457,1017,6,18
604,944,7,18
645,861,12,18
553,1015,14,18
596,818,5,18
493,938,5,18
569,772,7,18
616,987,6,18
504,1021,19,18
650,897,5,18
537,997,6,18
510,930,14,18
610,954,14,18
572,810,6,18
645,861,4,18
592,822,12,18
559,786,10,18
535,1016,7,18
587,969,19,18
546,806,8,18
593,803,11,18
635,912,10,18
479,1006,6,18
544,829,12,18
682,878,6,18
578,1000,9,18
666,889,9,18
647,870,11,18
559,788,11,18
643,864,13,18
539,819,10,18
654,882,6,18
533,1006,5,18
586,765,6,18
585,988,13,18
506,921,7,18
575,817,10,18
552,950,4,18
551,821,12,18
644,937,7,18
616,966,11,18
600,817,11,18
576,836,11,18
499,963,6,18
572,782,7,18
500,972,6,18
606,806,6,18
600,954,19,18
661,853,8,18
569,792,6,18
752,75,18,19
700,60,15,19
738,46,30,19
716,85,30,19
640,26,22,19
733,72,17,19
709,89,29,19
638,59,27,19
737,59,15,19
677,69,20,19
740,75,16,19
719,68,29,19
748,104,16,19
721,94,25,19
720,100,10,19
732,65,15,19
716,121,22,19
674,66,18,19
715,90,21,19
733,79,23,19
636,60,21,19
691,102,24,19
581,6,13,19
733,10,18,19
726,90,13,19
722,83,10,19
700,99,22,19
647,24,11,19
730,68,18,19
667,35,14,19
657,87,27,19
694,99,25,19
705,73,20,19
717,117,21,19
723,105,18,19
589,4,24,19
734,87,25,19
731,79,13,19
685,16,11,19
763,91,11,19
720,27,12,19
731,61,11,19
733,103,12,19
706,560,7,20
670,504,8,20
799,567,11,20
707,543,30,20
630,308,22,20
694,529,30,20
698,503,21,20
525,505,11,20
735,524,30,20
680,547,25,20
701,556,30,20
706,551,30,20
684,511,15,20
722,571,23,20
700,541,24,20
675,540,10,20
661,516,10,20
715,576,17,20
694,521,18,20
737,548,25,20
706,519,27,20
710,566,17,20
700,567,9,20
747,583,21,20
742,580,22,20
688,538,23,20
797,560,14,20
723,500,23,20
712,571,27,20
687,530,17,20
772,476,7,20
742,574,19,20
705,468,9,20
720,576,19,20
694,489,13,20
739,577,7,20
698,489,10,20
695,556,18,20
696,571,11,20
754,479,10,20
706,578,13,20
662,540,10,20
670,482,8,20
673,548,11,20
653,523,10,20
759,575,8,20
682,554,11,20
649,513,8,20
722,475,10,20
667,536,8,20
817,584,9,20
660,520,10,20
768,597,12,20
697,564,12,20
748,480,7,20
741,472,9,20
694,533,19,20
686,540,7,20
793,547,7,20
557,652,12,21
519,563,9,21
584,547,30,21
595,553,30,21
550,555,9,21
614,566,30,21
527,575,24,21
530,568,28,21
623,598,25,21
580,559,27,21
548,625,30,21
560,551,15,21
548,642,30,21
621,611,12,21
518,542,17,21
521,631,25,21
523,573,30,21
579,651,26,21
575,549,17,21
514,544,18,21
518,620,21,21
609,566,28,21
562,556,9,21
600,568,14,21
524,616,23,21
565,541,7,21
546,543,18,21
531,639,16,21
536,565,14,21
517,594,13,21
520,608,13,21
618,570,10,21
528,596,21,21
534,543,17,21
557,564,6,21
566,624,8,21
522,676,7,21
591,665,6,21
516,547,11,21
613,591,10,21
563,546,18,21
594,657,19,21
574,651,17,21
543,621,10,21
579,544,14,21
602,638,12,21
554,560,7,21
582,651,12,21
532,526,11,21
598,612,7,21
591,623,8,21
564,645,17,21
518,529,11,21
564,669,10,21
598,618,9,21
560,675,9,21
564,524,13,21
616,579,20,21
564,632,8,21
614,610,15,21
582,654,8,21
526,540,9,21
562,648,9,21
567,644,7,21
542,604,8,21
579,675,11,21
565,656,9,21
585,610,19,21
745,799,30,22
737,792,17,22
740,751,19,22
619,797,13,22
669,813,25,22
690,751,11,22
708,778,30,22
636,782,27,22
917,921,4,22
712,716,9,22
779,822,13,22
719,769,25,22
773,798,14,22
757,830,7,22
890,865,8,22
744,838,21,22
748,820,22,22
816,844,16,22
740,848,16,22
760,807,15,22
714,730,23,22
676,723,23,22
851,846,4,22
654,703,19,22
689,731,30,22
773,785,23,22
719,762,28,22
746,735,16,22
761,830,22,22
736,810,28,22
655,725,16,22
713,707,8,22
686,731,15,22
727,844,18,22
668,691,7,22
633,697,13,22
783,796,24,22
700,714,19,22
712,818,28,22
779,819,22,22
638,778,28,22
699,720,21,22
918,905,4,22
769,821,17,22
796,850,14,22
707,750,24,22
771,825,23,22
882,892,11,22
771,836,21,22
600,700,15,22
859,859,13,22
726,741,22,22
705,700,9,22
757,825,19,22
838,848,17,22
741,830,22,22
689,697,10,22
842,860,14,22
704,756,25,22
755,802,10,22
648,679,6,22
610,734,19,22
766,820,18,22
582,702,13,22
658,727,28,22
770,841,19,22
771,758,7,22
818,847,8,22
784,764,8,22
609,790,6,22
631,708,22,22
707,748,28,22
752,828,12,22
898,900,8,22
782,834,16,22
719,734,21,22
604,708,17,22
686,710,11,22
860,863,5,22
775,843,7,22
897,916,8,22
682,713,24,22
697,735,7,22
671,799,5,22
707,725,8,22
687,744,17,22
778,823,16,22
708,772,5,22
888,903,8,22
801,797,19,22
813,817,17,22
682,765,17,22
858,874,7,22
816,831,19,22
700,730,7,22
859,843,6,22
637,705,20,22
878,908,9,22
796,810,15,22
605,702,16,22
641,727,15,22
791,852,15,22
617,695,13,22
618,704,9,22
781,762,6,22
805,789,6,22
591,737,14,22
809,814,18,22
853,857,10,22
748,788,25,22
880,863,8,22
638,802,13,22
788,820,6,22
575,700,7,22
702,758,5,22
815,851,8,22
662,715,21,22
821,806,11,22
637,801,7,22
707,709,13,22
925,918,6,22
713,725,20,22
876,889,9,22
741,831,6,22
895,880,7,22
820,827,9,22
818,793,9,22
831,857,13,22
865,908,4,22
889,860,7,22
849,859,12,22
600,708,16,22
733,749,5,22
729,802,5,22
755,791,23,22
777,757,14,22
677,735,9,22
626,711,14,22
672,792,5,22
560,695,7,22
799,855,14,22
694,700,8,22
822,849,11,22
612,687,10,22
875,899,11,22
782,826,10,22
604,694,8,22
789,837,9,22
629,828,5,22
838,868,8,22
626,721,21,22
621,723,17,22
823,800,9,22
692,707,11,22
783,773,9,22
648,698,12,22
858,878,7,22
809,809,11,22
808,840,15,22
594,757,10,22
877,873,11,22
654,690,11,22
765,763,14,22
908,901,5,22
607,702,12,22
795,849,11,22
774,737,8,22
863,838,8,22
751,751,6,22
792,838,16,22
747,707,6,22
708,706,10,22
767,836,12,22
711,828,9,22
788,767,13,22
772,833,20,22
816,840,6,22
742,733,9,22
770,845,6,22
666,709,14,22
608,777,13,22
637,717,6,22
665,720,24,22
644,694,11,22
599,746,7,22
600,678,11,22
671,709,5,22
619,765,5,22
597,718,10,22
861,843,8,22
612,727,11,22
760,819,14,22
591,690,7,22
612,681,11,22
706,745,26,22
723,753,8,22
776,819,7,22
715,711,7,22
755,928,13,23
705,980,10,23
742,994,11,23
658,956,17,23
717,969,13,23
791,979,20,23
659,981,9,23
722,954,8,23
680,973,6,23
737,933,4,23
697,937,29,23
767,873,11,23
711,945,5,23
691,968,30,23
794,878,10,23
819,891,18,23
671,982,24,23
763,973,9,23
683,929,24,23
831,941,19,23
655,998,17,23
762,911,30,23
825,899,6,23
672,945,9,23
751,961,19,23
715,982,25,23
606,1020,6,23
676,937,18,23
691,984,28,23
685,965,30,23
833,922,9,23
698,947,30,23
804,876,5,23
763,976,30,23
807,866,5,23
683,1001,21,23
823,893,17,23
711,913,29,23
753,986,29,23
696,919,24,23
757,953,14,23
771,887,25,23
807,935,20,23
813,888,6,23
676,990,17,23
709,982,21,23
718,992,27,23
813,920,30,23
678,976,23,23
822,948,19,23
681,935,28,23
764,901,30,23
790,895,5,23
691,977,27,23
666,1008,7,23
672,996,6,23
744,886,7,23
710,995,17,23
641,970,4,23
705,1001,9,23
686,972,28,23
754,987,21,23
785,908,6,23
694,992,22,23
768,890,29,23
843,938,14,23
689,985,21,23
698,982,5,23
711,983,26,23
696,981,26,23
738,990,8,23
719,999,18,23
721,997,19,23
683,1010,8,23
674,948,15,23
647,1008,7,23
816,876,9,23
827,949,11,23
700,961,28,23
731,975,27,23
680,999,9,23
640,962,7,23
740,934,6,23
848,941,16,23
722,988,14,23
764,888,20,23
670,962,15,23
642,996,3,23
693,995,16,23
758,993,8,23
758,986,23,23
668,968,18,23
859,939,12,23
703,992,9,23
788,898,24,23
758,943,6,23
739,986,27,23
703,1000,12,23
681,965,11,23
706,919,7,23
798,951,7,23
668,976,17,23
774,954,22,23
796,886,14,23
668,961,19,23
676,932,19,23
750,982,16,23
736,959,19,23
693,965,9,23
788,936,8,23
749,998,8,23
849,929,16,23
691,929,12,23
779,882,14,23
772,921,3,23
699,1010,15,23
760,947,8,23
682,1006,17,23
765,892,21,23
649,966,15,23
662,955,14,23
685,998,11,23
846,935,18,23
659,993,12,23
767,870,7,23
752,970,14,23
772,882,14,23
736,898,6,23
676,1016,3,23
700,984,10,23
681,1004,19,23
690,980,5,23
697,970,9,23
657,961,13,23
669,990,5,23
723,1009,6,23
683,1010,15,23
730,958,28,23
674,940,4,23
819,905,6,23
847,931,11,23
690,923,19,23
709,921,9,23
655,955,14,23
839,930,12,23
733,991,9,23
784,860,7,23
646,976,15,23
844,923,13,23
643,1004,9,23
737,929,9,23
764,894,5,23
679,931,21,23
686,969,7,23
791,950,7,23
659,951,6,23
708,912,6,23
724,951,3,23
799,949,8,23
765,932,17,23
694,923,8,23
805,971,8,23
723,924,5,23
633,978,6,23
670,954,10,23
780,903,7,23
669,1005,9,23
647,971,14,23
693,1018,3,23
677,942,5,23
833,922,19,23
687,998,5,23
651,1009,9,23
678,950,6,23
707,944,5,23
729,887,5,23
716,997,16,23
696,979,5,23
870,939,9,23
709,1001,14,23
780,883,8,23
777,961,5,23
652,993,7,23
702,986,7,23
695,957,6,23
796,866,10,23
718,895,6,23
671,941,6,23
696,947,8,23
679,939,7,23
800,880,7,23
849,934,9,23
676,961,6,23
600,1014,4,23
758,939,3,23
646,995,5,23
640,995,9,23
832,1001,14,24
852,1001,6,24
841,979,10,24
793,1016,9,24
860,1022,18,24
778,1000,11,24
834,1014,30,24
840,1005,28,24
818,963,6,24
812,1015,30,24
788,1008,3,24
763,1020,5,24
838,1022,30,24
760,1010,15,24
832,979,7,24
865,1011,27,24
749,1023,8,24
812,1019,11,24
820,998,27,24
775,1019,24,24
820,996,6,24
816,966,20,24
787,1004,23,24
838,993,24,24
744,1020,9,24
783,1006,20,24
772,999,13,24
868,1023,28,24
789,994,14,24
761,1018,15,24
807,985,19,24
768,1001,3,24
815,968,20,24
755,1025,3,24
818,974,13,24
792,991,14,24
766,1003,7,24
821,980,13,24
806,1025,27,24
783,1002,7,24
797,997,9,24
843,984,8,24
801,995,9,24
876,997,8,24
870,1008,20,24
745,1019,12,24
788,1005,4,24
821,984,18,24
871,984,5,24
745,1024,6,24
758,1019,5,24
763,1022,8,24
783,1011,6,24
848,975,5,24
752,1019,9,24
870,975,8,24
773,1020,5,24
791,1009,3,24
833,963,6,24
854,962,7,24
808,987,11,24
836,986,4,24
775,1019,17,24
847,965,6,24
828,972,4,24
773,1015,3,24
770,1009,3,24
825,958,22,24
820,980,9,24
816,976,12,24
740,1022,7,24
783,1000,12,24
753,1012,13,24
834,972,6,24
777,998,5,24
803,1000,5,24
788,997,4,24
778,1004,3,24
1012,347,28,25
1013,366,13,25
911,367,14,25
906,379,18,25
965,359,29,25
975,358,30,25
934,377,14,25
993,356,17,25
940,395,24,25
948,375,28,25
899,408,10,25
967,365,20,25
939,366,25,25
940,414,16,25
975,356,22,25
925,381,27,25
897,401,14,25
938,404,21,25
977,346,18,25
955,362,19,25
940,392,16,25
911,390,21,25
959,424,8,25
978,366,25,25
844,366,10,25
966,362,26,25
896,393,14,25
950,397,21,25
896,352,9,25
949,406,27,25
1008,340,13,25
933,415,16,25
967,429,15,25
918,381,19,25
955,415,14,25
961,426,20,25
951,406,23,25
1001,346,12,25
889,367,9,25
1015,437,17,25
931,387,19,25
914,382,14,25
953,348,11,25
906,406,17,25
838,369,9,25
834,532,22,26
951,535,7,26
856,460,13,26
860,541,24,26
866,539,30,26
906,509,10,26
865,529,24,26
951,503,16,26
829,499,18,26
864,551,30,26
889,470,30,26
918,557,21,26
827,502,21,26
857,553,28,26
927,555,25,26
858,472,21,26
917,478,26,26
920,556,19,26
867,550,22,26
858,556,19,26
914,552,27,26
842,525,28,26
937,484,16,26
836,541,12,26
894,544,13,26
875,466,13,26
941,535,23,26
914,549,13,26
935,511,27,26
944,547,8,26
851,554,16,26
942,487,19,26
892,471,24,26
884,460,17,26
913,466,16,26
890,453,11,26
883,449,19,26
935,517,12,26
938,489,12,26
861,455,18,26
833,534,14,26
876,555,7,26
820,500,10,26
831,478,12,26
845,456,11,26
941,493,8,26
934,532,14,26
930,478,19,26
931,463,9,26
912,548,16,26
924,462,9,26
839,473,15,26
892,449,7,26
821,488,9,26
825,508,10,26
877,453,7,26
1025,877,16,27
1025,789,11,27
1016,816,10,27
1025,788,9,27
1025,1012,4,27
1015,820,12,27
968,789,8,27
1007,855,12,27
1021,994,10,27
994,880,5,27
1009,1025,2,27
992,854,11,27
1024,875,19,27
1018,735,5,27
1020,840,19,27
1025,855,5,27
992,893,6,27
1021,803,13,27
973,820,9,27
989,785,5,27
978,834,7,27
994,1008,5,27
1012,890,6,27
1017,861,6,27
1025,857,20,27
1024,830,21,27
983,803,8,27
979,816,9,27
1025,831,12,27
1014,739,6,27
991,850,6,27
993,757,5,27
1001,975,5,27
1016,876,15,27
991,785,6,27
1018,865,5,27
1004,979,3,27
1004,801,10,27
1016,895,7,27
999,758,7,27
1023,843,8,27
969,786,7,27
1006,792,8,27
984,786,5,27
971,829,8,27
1006,1006,3,27
1023,722,7,27
1002,895,8,27
997,828,9,27
977,820,6,27
1018,811,7,27
1015,753,8,27
1022,716,8,27
1023,924,7,27
1016,877,9,27
1018,1021,7,27
965,807,5,27
1022,772,10,27
1003,849,5,27
988,897,6,27
1018,876,13,27
1007,904,4,27
1018,719,9,27
987,828,9,27
996,794,8,27
1017,890,6,27
956,808,6,27
968,792,6,27
1008,852,7,27
