19,2,25,1
15,2,27,1
17,35,9,1
13,23,29,1
42,20,10,1
3,26,29,1
10,25,28,1
30,15,19,1
42,2,6,1
8,43,16,1
32,22,19,1
40,34,11,1
37,7,10,1
47,3,10,1
25,38,16,1
51,7,9,1
35,21,9,1
39,35,5,1
48,148,15,2
79,137,14,2
18,402,8,2
17,189,6,2
106,219,19,2
67,303,14,2
48,115,14,2
124,198,10,2
110,129,4,2
110,178,13,2
64,86,10,2
32,108,8,2
69,162,20,2
106,149,11,2
84,146,17,2
38,341,8,2
93,149,10,2
70,141,12,2
50,214,4,2
90,191,7,2
27,364,5,2
113,133,6,2
97,118,7,2
45,99,9,2
82,201,11,2
21,222,12,2
110,213,19,2
48,91,8,2
28,157,11,2
44,221,5,2
106,182,13,2
109,148,13,2
140,140,6,2
41,105,5,2
38,157,14,2
55,190,13,2
13,495,20,3
7,486,24,3
7,469,26,3
11,499,19,3
13,442,10,3
25,469,13,3
17,439,19,3
21,411,5,3
10,645,16,4
4,633,11,4
24,602,17,4
22,1025,9,5
71,961,12,5
54,996,19,5
53,990,29,5
30,945,28,5
2,1004,13,5
4,910,6,5
2,991,29,5
16,940,30,5
56,961,28,5
46,1010,28,5
36,947,29,5
2,928,26,5
47,954,29,5
38,1019,24,5
26,1006,29,5
70,934,9,5
39,919,25,5
20,994,28,5
34,952,23,5
4,985,22,5
7,1009,26,5
25,908,6,5
48,947,22,5
61,935,23,5
15,1025,5,5
32,959,27,5
3,992,25,5
41,882,4,5
52,903,10,5
12,903,6,5
10,1022,10,5
23,918,21,5
67,935,24,5
53,910,7,5
14,959,24,5
66,980,24,5
16,908,15,5
53,948,27,5
71,932,20,5
43,1025,5,5
73,980,8,5
65,975,16,5
70,933,15,5
8,1016,9,5
52,914,12,5
19,990,10,5
7,990,10,5
13,908,12,5
68,922,13,5
69,949,16,5
73,959,15,5
51,894,7,5
6,1011,9,5
75,1025,8,5
73,953,4,5
21,905,9,5
71,923,10,5
42,907,12,5
34,911,6,5
16,916,15,5
22,908,11,5
85,1024,6,5
24,932,4,5
59,908,9,5
179,693,15,6
123,802,21,6
66,801,15,6
66,775,23,6
157,688,15,6
67,793,22,6
106,793,30,6
107,809,26,6
100,802,25,6
82,821,15,6
109,769,28,6
126,802,28,6
47,752,16,6
125,792,29,6
92,805,24,6
50,778,18,6
106,746,29,6
49,782,17,6
131,824,8,6
99,800,28,6
173,698,27,6
192,746,13,6
62,786,26,6
69,806,17,6
111,819,24,6
48,706,14,6
177,703,25,6
99,825,14,6
72,802,23,6
118,828,18,6
56,718,26,6
62,793,25,6
101,797,28,6
192,716,18,6
77,751,24,6
139,805,24,6
64,726,10,6
103,700,30,6
162,686,15,6
71,717,13,6
162,795,22,6
61,783,19,6
110,842,9,6
88,689,14,6
180,700,19,6
135,792,28,6
196,722,16,6
52,789,8,6
40,764,9,6
137,806,21,6
45,713,15,6
87,759,18,6
42,759,18,6
135,812,24,6
37,755,12,6
75,756,8,6
40,732,19,6
107,785,26,6
87,804,22,6
41,763,12,6
50,771,22,6
70,776,28,6
121,791,22,6
92,797,16,6
124,798,4,6
66,728,14,6
141,769,16,6
67,719,25,6
44,715,16,6
49,768,10,6
65,757,22,6
65,734,26,6
102,800,12,6
144,684,11,6
121,802,15,6
101,831,8,6
39,747,20,6
83,768,18,6
100,794,12,6
69,697,20,6
79,786,23,6
174,755,6,6
31,738,10,6
54,714,18,6
119,816,21,6
111,835,13,6
161,746,25,6
101,815,14,6
40,743,11,6
132,689,15,6
62,740,11,6
64,705,20,6
72,749,24,6
110,837,8,6
100,790,23,6
137,799,8,6
68,800,18,6
184,782,15,6
95,835,7,6
65,705,12,6
69,797,5,6
111,851,4,6
140,801,14,6
122,825,7,6
84,820,18,6
67,714,8,6
107,793,15,6
49,791,15,6
131,803,8,6
83,798,11,6
31,729,13,6
60,749,7,6
178,710,8,6
186,705,21,6
190,727,9,6
70,804,8,6
141,813,16,6
121,807,7,6
39,740,9,6
146,704,6,6
79,756,15,6
138,689,16,6
73,739,8,6
159,746,7,6
100,807,14,6
75,742,10,6
58,778,18,6
187,708,11,6
57,717,13,6
129,793,17,6
156,802,18,6
87,791,20,6
136,774,4,6
158,804,15,6
60,711,16,6
68,749,4,6
119,818,16,6
137,714,7,6
67,751,9,6
89,781,11,6
193,730,22,6
141,685,10,6
86,769,6,6
141,692,7,6
125,836,6,6
108,811,13,6
191,754,7,6
69,741,6,6
35,738,18,6
20,809,7,6
182,705,12,6
154,803,19,6
38,750,12,6
96,717,7,6
108,749,4,6
106,681,17,6
43,733,8,6
68,807,13,6
93,813,14,6
62,705,10,6
133,727,6,6
113,823,4,6
142,809,9,6
66,723,12,6
105,856,7,6
111,688,4,6
111,785,7,6
94,740,5,6
94,781,13,6
98,695,5,6
95,838,9,6
125,748,10,6
102,681,11,6
109,796,7,6
145,806,11,6
125,742,13,6
121,808,11,6
72,732,8,6
64,755,6,6
190,752,9,6
195,699,11,6
147,810,19,6
187,750,11,6
129,773,6,6
132,705,5,6
152,682,10,6
95,810,12,6
172,775,7,6
133,818,6,6
129,692,4,6
172,791,7,6
176,771,6,6
183,699,13,6
110,822,8,6
76,806,11,6
68,776,6,6
173,781,8,6
40,559,6,7
137,530,15,7
38,586,12,7
142,663,10,7
149,543,24,7
116,534,19,7
52,526,9,7
224,606,12,7
190,611,13,7
30,576,8,7
177,628,21,7
145,539,6,7
104,653,17,7
122,528,22,7
77,512,15,7
136,528,17,7
156,666,13,7
173,578,21,7
38,590,12,7
175,614,24,7
197,622,9,7
90,503,6,7
74,625,6,7
203,570,12,7
112,496,7,7
194,624,9,7
247,608,5,7
151,626,4,7
211,580,12,7
131,660,16,7
206,615,12,7
58,545,12,7
96,519,14,7
63,482,4,7
104,638,5,7
58,581,6,7
156,552,11,7
203,604,20,7
234,570,10,7
213,588,15,7
205,554,6,7
144,656,8,7
225,574,13,7
195,573,17,7
130,563,22,7
92,523,9,7
172,642,15,7
148,527,7,7
195,580,12,7
125,524,7,7
125,652,11,7
206,574,18,7
31,563,11,7
219,626,9,7
68,538,15,7
58,521,13,7
175,567,14,7
244,578,9,7
78,646,7,7
51,538,9,7
97,517,11,7
119,514,4,7
104,643,13,7
209,575,9,7
61,550,8,7
106,491,8,7
115,646,10,7
107,525,14,7
175,620,8,7
207,593,7,7
124,522,7,7
211,595,15,7
186,577,13,7
40,579,7,7
56,532,6,7
131,561,24,7
37,566,6,7
126,527,20,7
175,663,6,7
36,534,9,7
116,653,12,7
60,528,13,7
138,522,7,7
247,616,8,7
30,580,9,7
31,573,11,7
72,496,8,7
121,556,6,7
78,487,4,7
164,658,7,7
153,662,16,7
187,571,11,7
224,589,10,7
158,560,21,7
113,530,5,7
249,586,5,7
114,514,6,7
83,650,10,7
70,583,5,7
69,520,12,7
37,565,12,7
116,512,10,7
180,577,10,7
82,546,6,7
70,528,17,7
40,576,13,7
102,556,4,7
117,526,17,7
226,610,10,7
122,529,7,7
199,618,16,7
79,631,14,7
191,637,10,7
115,510,9,7
218,633,7,7
62,505,8,7
206,635,8,7
176,652,8,7
231,619,10,7
179,559,11,7
245,662,7,7
142,528,19,7
54,487,4,7
169,567,10,7
187,606,7,7
185,598,10,7
114,514,13,7
151,652,7,7
203,600,10,7
146,666,9,7
46,638,8,7
143,539,11,7
98,522,6,7
107,657,9,7
33,578,7,7
38,539,10,7
174,632,14,7
157,532,9,7
180,632,9,7
149,657,4,7
218,607,7,7
153,539,5,7
96,616,4,7
196,596,13,7
199,559,12,7
34,559,8,7
99,535,10,7
230,622,10,7
243,606,8,7
76,497,7,7
177,634,11,7
166,666,7,7
59,523,5,7
188,648,10,7
82,644,6,7
77,509,9,7
159,661,12,7
175,624,8,7
62,499,11,7
144,535,9,7
78,535,5,7
179,555,16,7
211,617,9,7
50,512,5,7
110,500,7,7
168,560,5,7
68,492,4,7
154,666,7,7
57,477,5,7
116,642,7,7
117,664,5,7
122,539,6,7
159,538,4,7
210,605,12,7
176,646,6,7
204,653,6,7
146,530,10,7
224,578,6,7
243,619,8,7
68,495,6,7
165,554,5,7
205,584,8,7
211,583,6,7
55,516,6,7
231,594,13,7
209,603,7,7
137,655,6,7
142,535,12,7
239,587,8,7
99,655,5,7
130,568,4,7
58,492,5,7
124,448,10,8
167,483,27,8
180,422,30,8
223,414,14,8
200,429,11,8
206,453,28,8
153,454,27,8
202,425,17,8
204,415,27,8
224,456,21,8
213,391,6,8
186,400,21,8
192,428,12,8
216,403,16,8
233,392,11,8
175,411,12,8
223,390,9,8
110,460,12,8
155,424,11,8
163,392,14,8
126,507,6,8
158,392,9,8
234,446,9,8
158,431,9,8
235,468,6,8
227,500,5,8
169,407,13,8
150,428,6,8
202,283,9,9
130,316,28,9
155,312,30,9
227,330,18,9
134,288,26,9
197,306,30,9
176,309,17,9
130,276,17,9
115,230,11,9
234,343,17,9
158,294,19,9
237,313,21,9
125,331,5,9
153,238,10,9
176,257,15,9
206,366,9,9
206,304,16,9
104,343,7,9
100,336,8,9
166,267,15,9
224,309,18,9
121,272,12,9
219,350,8,9
208,293,8,9
132,259,14,9
192,374,6,9
116,384,7,9
224,297,4,9
140,996,13,10
109,952,20,10
192,919,12,10
154,913,11,10
136,914,12,10
136,884,18,10
176,973,22,10
103,979,22,10
104,926,5,10
161,890,9,10
140,976,26,10
141,873,10,10
164,992,26,10
158,864,14,10
176,903,9,10
141,989,27,10
122,943,28,10
94,995,9,10
179,908,13,10
161,876,16,10
184,905,19,10
157,883,5,10
122,985,22,10
144,923,27,10
184,934,24,10
104,940,18,10
169,910,22,10
129,887,5,10
140,930,23,10
176,927,16,10
160,967,29,10
103,939,4,10
126,958,27,10
140,1024,14,10
142,875,13,10
168,920,20,10
140,895,18,10
154,889,12,10
150,943,26,10
162,897,13,10
201,931,5,10
134,896,17,10
202,914,8,10
188,954,25,10
158,871,15,10
110,981,25,10
165,1022,9,10
141,880,16,10
139,951,28,10
139,886,20,10
185,904,6,10
198,971,5,10
155,869,10,10
194,954,13,10
178,993,21,10
126,890,14,10
172,905,8,10
181,893,7,10
202,946,13,10
201,932,17,10
94,960,11,10
206,952,10,10
159,939,8,10
95,943,5,10
191,973,11,10
201,920,8,10
210,982,11,10
179,918,10,10
203,946,17,10
177,890,11,10
200,923,15,10
202,958,7,10
209,927,9,10
208,934,4,10
136,871,12,10
123,893,7,10
140,1019,12,10
135,877,9,10
192,897,12,10
159,878,10,10
151,870,8,10
144,867,6,10
204,905,11,10
205,978,10,10
210,965,7,10
96,1004,5,10
207,925,11,10
161,2,6,11
205,30,27,11
198,60,30,11
163,23,6,11
183,45,29,11
129,13,9,11
125,69,9,11
172,57,26,11
155,30,26,11
194,2,23,11
186,38,28,11
181,18,28,11
152,58,27,11
178,70,28,11
151,42,26,11
187,30,18,11
152,102,24,11
245,43,5,11
182,56,29,11
149,55,19,11
245,59,16,11
153,44,4,11
135,19,10,11
234,88,17,11
130,36,17,11
197,11,22,11
125,5,6,11
172,18,9,11
143,37,15,11
136,26,13,11
171,5,9,11
158,117,14,11
125,64,7,11
140,15,8,11
218,106,17,11
149,104,15,11
159,22,7,11
123,52,6,11
185,53,29,11
152,107,15,11
128,97,11,11
145,32,5,11
221,14,7,11
157,115,11,11
244,23,9,11
230,12,10,11
237,105,10,11
215,12,5,11
183,224,6,12
271,166,5,12
267,189,28,12
247,208,29,12
265,190,30,12
256,179,30,12
241,244,30,12
219,165,22,12
264,175,29,12
243,175,24,12
281,183,23,12
285,216,23,12
236,141,18,12
193,232,5,12
198,221,7,12
264,243,27,12
207,215,27,12
192,175,12,12
272,243,8,12
224,241,22,12
307,263,14,12
231,141,20,12
260,250,23,12
201,230,20,12
277,256,17,12
233,263,10,12
200,157,10,12
296,292,10,12
283,288,14,12
199,141,11,12
272,286,17,12
300,275,13,12
275,235,22,12
296,138,5,12
183,155,11,12
255,288,13,12
301,266,13,12
298,162,6,12
231,275,14,12
249,129,9,12
300,160,6,12
295,261,13,12
263,253,5,12
345,707,10,13
331,761,5,13
248,716,10,13
248,748,20,13
265,674,16,13
233,798,8,13
285,683,23,13
283,701,27,13
258,791,13,13
376,750,9,13
357,743,17,13
356,749,13,13
301,764,16,13
377,728,11,13
277,670,19,13
248,736,6,13
262,719,21,13
248,730,8,13
263,665,12,13
293,676,7,13
248,707,6,13
297,788,11,13
248,751,14,13
243,679,14,13
214,733,8,13
374,726,11,13
195,760,13,13
239,734,5,13
388,736,9,13
269,720,26,13
244,769,12,13
263,677,15,13
289,700,11,13
191,767,10,13
187,795,8,13
230,788,5,13
180,862,6,13
375,713,8,13
300,702,6,13
253,807,10,13
216,756,8,13
262,819,4,13
240,685,12,13
263,759,6,13
221,720,9,13
225,791,5,13
324,657,12,13
231,772,12,13
268,661,5,13
314,677,5,13
211,769,8,13
231,723,5,13
242,760,7,13
373,756,6,13
244,689,6,13
229,738,5,13
283,782,6,13
377,726,6,13
281,722,7,13
200,994,14,14
227,991,8,14
197,1018,5,14
192,1004,12,14
197,997,10,14
415,1025,19,15
307,1001,6,15
327,1014,12,15
321,970,29,15
311,973,30,15
307,955,30,15
320,991,26,15
319,959,30,15
256,981,29,15
389,1021,23,15
336,990,13,15
338,973,27,15
350,973,24,15
260,971,29,15
239,995,7,15
372,1021,26,15
325,1011,28,15
321,1002,30,15
288,1011,28,15
270,984,29,15
246,1006,14,15
325,964,19,15
283,1000,28,15
338,1020,12,15
319,1008,24,15
327,972,26,15
343,994,23,15
393,1023,15,15
266,982,30,15
343,1014,16,15
258,994,25,15
327,1023,19,15
351,970,24,15
356,999,21,15
350,1004,17,15
340,1008,19,15
242,978,11,15
321,1025,19,15
314,949,12,15
346,1007,5,15
358,1002,9,15
359,1010,18,15
339,1007,6,15
315,942,17,15
276,933,11,15
237,988,17,15
365,983,12,15
334,1022,14,15
336,996,10,15
373,993,11,15
430,1025,12,15
345,953,16,15
350,942,5,15
326,1006,6,15
340,995,11,15
316,935,21,15
358,999,15,15
361,966,15,15
351,978,4,15
370,993,9,15
265,935,11,15
342,1025,8,15
351,986,13,15
321,1020,24,15
324,1014,16,15
334,967,8,15
303,929,12,15
370,994,6,15
323,956,13,15
341,986,12,15
248,1002,18,15
331,939,19,15
308,987,5,15
348,974,14,15
246,969,20,15
241,982,10,15
341,994,14,15
318,983,4,15
366,1014,6,15
237,976,6,15
362,999,5,15
372,1003,12,15
430,992,8,15
435,1024,15,15
319,935,7,15
345,955,9,15
363,990,10,15
351,976,10,15
367,978,17,15
335,971,9,15
335,979,12,15
254,1004,13,15
319,422,17,16
271,507,9,16
321,419,12,16
266,517,20,16
295,532,22,16
273,521,5,16
330,418,7,16
314,414,6,16
308,407,11,16
278,608,5,16
283,417,20,16
329,347,11,16
264,583,11,16
300,558,11,16
276,597,7,16
329,333,10,16
306,427,6,16
310,426,6,16
477,818,7,17
319,820,4,17
285,884,7,17
431,777,6,17
488,785,6,17
329,801,15,17
405,742,6,17
305,878,14,17
272,858,12,17
313,896,18,17
398,719,6,17
420,783,7,17
346,906,6,17
340,833,15,17
289,862,19,17
307,864,19,17
319,827,5,17
339,916,9,17
361,898,19,17
373,901,15,17
325,831,24,17
279,856,7,17
321,911,9,17
266,918,6,17
374,911,4,17
441,835,5,17
416,697,4,17
443,849,11,17
356,794,9,17
324,796,12,17
394,815,6,17
407,797,9,17
249,877,7,17
281,814,6,17
362,896,5,17
289,853,10,17
415,702,5,17
305,886,8,17
298,904,10,17
342,798,8,17
308,798,5,17
445,825,4,17
478,807,6,17
487,831,5,17
392,807,7,17
358,591,12,18
368,571,6,18
382,596,6,18
377,589,30,18
378,595,6,18
370,600,30,18
336,566,30,18
424,488,6,18
380,518,30,18
421,563,16,18
418,561,30,18
355,612,30,18
403,537,26,18
381,521,6,18
362,607,26,18
418,549,27,18
355,619,10,18
368,611,30,18
380,617,19,18
396,522,22,18
418,576,19,18
413,545,22,18
403,519,23,18
391,530,27,18
380,519,27,18
408,602,22,18
410,534,10,18
342,578,5,18
343,596,30,18
398,597,25,18
339,579,27,18
410,545,17,18
398,531,9,18
414,587,23,18
377,626,20,18
336,582,20,18
399,610,22,18
336,547,20,18
390,601,27,18
376,534,18,18
392,610,21,18
395,523,12,18
366,635,10,18
377,628,15,18
398,617,11,18
371,516,6,18
378,623,9,18
386,522,10,18
339,602,9,18
369,623,26,18
379,632,16,18
395,626,11,18
408,583,5,18
383,622,7,18
364,607,8,18
335,595,8,18
416,489,6,18
394,515,11,18
375,514,9,18
398,518,9,18
413,556,12,18
372,508,11,18
374,528,9,18
395,523,17,18
397,608,9,18
348,563,9,18
586,91,14,19
710,165,18,19
549,174,7,19
699,55,5,19
557,106,9,19
616,163,20,19
609,165,5,19
634,98,4,19
520,132,9,19
645,247,7,19
682,176,18,19
567,149,13,19
581,154,20,19
554,98,12,19
577,61,13,19
628,251,6,19
654,249,4,19
715,13,12,19
622,49,6,19
564,190,5,19
711,10,15,19
698,187,11,19
580,95,5,19
702,176,13,19
667,210,11,19
679,200,18,19
564,152,18,19
723,35,6,19
622,198,23,19
593,113,13,19
656,212,16,19
527,120,6,19
712,134,10,19
712,142,8,19
568,127,11,19
646,50,15,19
658,212,17,19
569,77,10,19
737,133,7,19
567,122,13,19
728,138,9,19
568,73,9,19
534,125,7,19
545,118,7,19
537,113,11,19
595,123,9,19
656,51,7,19
647,206,10,19
717,117,8,19
532,125,12,19
727,97,12,19
715,80,10,19
563,108,10,19
566,157,6,19
628,204,15,19
592,211,5,19
533,140,9,19
690,177,9,19
575,157,5,19
564,156,21,19
615,203,16,19
655,201,10,19
674,47,12,19
686,160,8,19
666,217,6,19
517,151,5,19
571,127,10,19
688,261,8,19
554,108,15,19
720,98,7,19
664,219,6,19
644,229,8,19
684,57,15,19
581,142,13,19
572,146,12,19
524,105,9,19
645,207,16,19
541,75,6,19
718,132,10,19
594,145,10,19
628,199,19,19
593,48,9,19
759,179,8,19
723,18,7,19
554,168,13,19
719,105,5,19
538,136,12,19
706,168,9,19
539,145,5,19
624,121,6,19
589,78,13,19
604,62,7,19
551,162,11,19
771,199,9,19
619,68,14,19
625,235,10,19
552,139,14,19
645,25,6,19
725,158,10,19
665,57,12,19
574,119,11,19
581,88,13,19
668,197,12,19
526,129,14,19
632,252,7,19
599,121,7,19
625,46,16,19
589,199,11,19
624,249,7,19
678,55,10,19
625,204,10,19
652,223,6,19
595,171,5,19
738,115,5,19
603,37,9,19
723,7,11,19
715,128,6,19
570,60,11,19
703,174,17,19
556,126,7,19
698,179,9,19
560,92,5,19
766,215,7,19
703,62,11,19
668,64,7,19
547,124,8,19
617,184,4,19
619,47,7,19
541,168,8,19
627,196,21,19
566,196,8,19
615,219,8,19
520,129,7,19
547,101,10,19
608,68,5,19
594,81,13,19
679,211,8,19
577,105,9,19
679,183,14,19
636,217,6,19
628,128,7,19
532,112,5,19
598,119,12,19
579,48,6,19
623,79,5,19
540,153,7,19
618,219,13,19
558,193,6,19
702,91,5,19
554,159,12,19
565,153,7,19
756,184,7,19
593,71,11,19
571,52,6,19
689,167,9,19
694,227,5,19
578,192,8,19
572,78,8,19
545,148,6,19
621,241,6,19
577,167,8,19
547,113,14,19
522,155,4,19
580,42,10,19
693,267,6,19
656,221,9,19
602,27,5,19
694,183,7,19
619,88,4,19
585,30,5,19
610,51,6,19
608,17,6,19
616,12,5,19
574,198,5,19
724,132,5,19
530,159,5,19
628,38,8,19
569,94,14,19
665,57,7,19
580,133,7,19
569,119,4,19
689,193,9,19
704,228,4,19
559,166,4,19
640,61,6,19
609,200,7,19
713,145,5,19
598,150,4,19
619,191,4,19
704,217,5,19
579,193,6,19
759,184,5,19
583,53,4,19
720,9,9,19
751,183,4,19
657,23,4,19
707,68,9,19
634,208,5,19
577,107,14,19
408,171,7,20
323,171,6,20
434,236,13,20
449,215,23,20
364,219,6,20
379,242,15,20
436,180,15,20
377,214,28,20
384,170,24,20
384,171,22,20
371,237,23,20
472,201,14,20
364,199,29,20
419,247,13,20
392,250,14,20
419,198,25,20
412,231,20,20
376,178,22,20
376,259,11,20
403,184,26,20
440,231,12,20
378,224,28,20
427,255,8,20
384,165,17,20
488,221,8,20
456,190,14,20
432,231,21,20
374,156,5,20
385,211,27,20
461,239,8,20
364,187,28,20
453,230,13,20
406,229,22,20
373,147,7,20
410,219,24,20
357,176,25,20
448,188,12,20
375,168,18,20
380,162,14,20
459,211,10,20
424,258,9,20
425,250,8,20
458,243,16,20
405,165,12,20
382,267,9,20
467,199,11,20
414,252,7,20
308,286,7,20
318,164,10,20
447,222,22,20
378,252,10,20
390,253,13,20
477,238,10,20
472,214,13,20
431,261,8,20
363,171,4,20
456,243,14,20
363,243,6,20
358,141,6,20
469,229,7,20
474,228,6,20
472,195,6,20
403,257,5,20
321,153,6,20
484,212,5,20
312,207,6,20
373,262,6,20
442,260,7,20
314,166,6,20
427,180,8,20
475,266,4,20
481,247,8,20
392,264,5,20
463,228,5,20
415,380,4,21
393,417,8,21
385,373,11,21
426,407,14,21
373,357,28,21
444,366,26,21
374,317,26,21
423,330,26,21
433,411,14,21
446,407,14,21
455,353,6,21
420,334,28,21
411,411,16,21
372,385,11,21
423,325,24,21
446,387,13,21
422,394,21,21
438,381,22,21
427,323,25,21
357,358,22,21
462,316,7,21
434,380,21,21
452,411,9,21
446,337,16,21
436,409,15,21
400,297,13,21
445,326,20,21
398,405,13,21
413,340,30,21
387,304,22,21
384,309,25,21
397,379,20,21
435,417,9,21
405,401,9,21
425,401,11,21
383,277,10,21
429,405,10,21
442,356,9,21
447,307,12,21
410,309,10,21
439,407,9,21
348,369,6,21
378,300,17,21
404,409,14,21
363,299,12,21
424,322,9,21
445,426,8,21
382,298,15,21
455,324,11,21
458,373,7,21
449,415,10,21
462,324,6,21
350,330,4,21
404,396,16,21
411,413,6,21
412,396,4,21
432,416,14,21
327,305,9,21
348,344,6,21
425,273,7,21
387,394,8,21
444,350,4,21
450,409,7,21
466,371,5,21
386,294,7,21
411,406,9,21
394,412,6,21
441,390,13,21
431,416,8,21
384,341,4,21
389,290,9,21
326,320,5,21
411,301,6,21
423,635,5,22
465,655,9,22
464,656,11,22
487,577,16,22
493,610,5,22
462,562,17,22
457,569,30,22
504,584,29,22
434,581,6,22
463,569,14,22
441,662,21,22
483,558,25,22
474,640,17,22
473,569,25,22
478,661,25,22
504,569,23,22
464,663,25,22
474,561,28,22
422,622,30,22
429,613,25,22
513,611,29,22
489,582,30,22
509,591,28,22
450,659,22,22
514,592,22,22
429,586,28,22
430,607,20,22
422,633,22,22
487,562,26,22
503,572,18,22
405,648,6,22
436,597,28,22
446,576,20,22
441,580,30,22
449,586,15,22
434,655,17,22
494,570,27,22
455,660,11,22
495,563,22,22
430,578,16,22
422,601,14,22
434,657,11,22
462,662,14,22
440,580,18,22
484,560,11,22
443,573,22,22
465,565,17,22
503,625,7,22
447,570,7,22
505,581,16,22
467,565,20,22
489,559,9,22
469,567,9,22
415,645,9,22
510,575,6,22
500,636,18,22
527,577,7,22
459,665,4,22
509,563,9,22
498,643,11,22
500,581,10,22
483,584,7,22
422,658,4,22
460,638,5,22
394,697,5,22
416,626,11,22
477,590,5,22
415,652,5,22
456,534,10,22
466,641,4,22
502,583,8,22
484,656,4,22
511,980,12,23
418,962,7,23
514,910,13,23
462,883,10,23
484,903,7,23
419,930,7,23
514,993,22,23
500,892,6,23
546,889,15,23
505,924,21,23
481,982,30,23
486,932,11,23
462,996,5,23
494,931,24,23
493,952,30,23
444,930,7,23
508,925,24,23
525,945,5,23
516,894,6,23
459,991,30,23
430,917,19,23
410,958,15,23
445,934,27,23
465,972,4,23
501,1002,16,23
417,947,7,23
455,942,19,23
416,925,16,23
509,1017,9,23
479,876,19,23
500,852,4,23
504,901,17,23
527,908,15,23
534,903,6,23
530,1016,8,23
516,979,22,23
523,981,13,23
499,1016,5,23
528,899,6,23
447,997,6,23
514,1017,17,23
456,914,4,23
416,930,5,23
484,866,16,23
457,892,17,23
483,931,16,23
518,923,9,23
422,914,13,23
485,1008,23,23
489,1008,17,23
494,1016,4,23
475,850,9,23
406,947,8,23
517,1014,9,23
406,968,11,23
478,888,6,23
515,945,13,23
531,987,14,23
479,887,15,23
440,907,7,23
400,942,13,23
441,883,10,23
457,856,11,23
425,923,14,23
459,871,19,23
417,936,15,23
503,1004,4,23
515,1005,11,23
457,876,15,23
466,846,7,23
425,911,7,23
406,960,8,23
410,929,15,23
495,1018,9,23
403,952,15,23
502,1019,5,23
502,1001,6,23
469,923,11,23
480,928,17,23
500,481,13,24
477,491,7,24
495,519,5,24
487,492,14,24
478,465,30,24
518,470,8,24
436,527,9,24
501,512,15,24
489,465,30,24
508,448,14,24
469,517,28,24
497,457,24,24
449,511,23,24
454,497,26,24
470,458,6,24
425,514,13,24
456,501,27,24
466,498,30,24
432,485,15,24
538,472,6,24
538,480,9,24
505,448,18,24
446,499,23,24
446,506,28,24
449,464,16,24
453,488,28,24
462,525,22,24
514,477,30,24
456,518,25,24
453,515,19,24
465,526,24,24
537,473,9,24
522,475,9,24
490,534,20,24
523,430,6,24
458,479,30,24
439,480,24,24
427,516,17,24
548,453,16,24
523,514,22,24
529,440,10,24
503,530,22,24
517,454,7,24
497,531,24,24
440,524,17,24
532,461,18,24
540,455,17,24
522,462,23,24
482,538,9,24
447,469,6,24
476,408,5,24
429,494,13,24
497,533,20,24
415,511,5,24
499,536,10,24
545,368,6,24
473,480,6,24
443,472,23,24
478,545,13,24
541,478,14,24
515,448,10,24
516,514,12,24
441,501,11,24
443,506,12,24
520,525,12,24
430,524,7,24
443,514,13,24
443,522,10,24
465,395,10,24
523,451,10,24
493,527,8,24
560,326,5,24
545,456,7,24
525,515,16,24
500,445,7,24
573,299,4,24
519,445,9,24
453,521,20,24
451,460,8,24
514,521,7,24
541,396,4,24
540,497,9,24
523,446,12,24
545,408,5,24
478,418,5,24
487,436,5,24
433,489,6,24
434,474,7,24
522,446,7,24
574,299,7,24
544,483,8,24
433,525,12,24
511,533,5,24
494,507,4,24
560,442,7,24
572,303,4,24
452,523,8,24
481,526,6,24
469,525,8,24
482,531,12,24
419,507,4,24
428,510,6,24
532,446,7,24
531,497,8,24
466,439,4,24
468,400,5,24
547,450,4,24
514,465,5,24
534,695,11,25
554,757,7,25
571,766,16,25
514,713,11,25
474,769,12,25
479,762,13,25
487,702,28,25
452,732,20,25
527,745,30,25
499,769,15,25
622,658,11,25
563,683,19,25
534,720,30,25
468,736,19,25
556,692,24,25
590,700,11,25
564,681,15,25
630,676,18,25
466,714,21,25
567,690,15,25
573,760,11,25
477,756,14,25
549,765,22,25
516,685,27,25
572,761,8,25
513,684,22,25
463,738,18,25
550,681,25,25
443,721,14,25
623,669,6,25
464,713,15,25
543,665,7,25
461,689,8,25
487,769,7,25
438,742,11,25
490,749,14,25
535,662,13,25
490,666,7,25
559,773,15,25
457,745,7,25
547,668,17,25
535,735,4,25
592,723,18,25
474,736,10,25
530,748,14,25
477,743,15,25
461,717,18,25
455,760,10,25
573,684,12,25
484,770,15,25
499,662,5,25
438,690,6,25
491,758,9,25
496,768,9,25
484,756,9,25
458,691,6,25
623,642,9,25
533,776,7,25
566,691,7,25
619,673,8,25
611,674,5,25
459,740,5,25
593,672,6,25
532,684,5,25
524,770,19,25
590,703,12,25
621,666,9,25
629,650,5,25
515,744,8,25
465,763,10,25
451,709,12,25
511,667,5,25
460,748,8,25
651,615,8,25
458,738,13,25
490,762,12,25
528,670,5,25
539,698,5,25
485,668,4,25
612,636,6,25
595,695,10,25
501,742,14,25
439,684,9,25
609,795,12,26
555,807,8,26
555,803,5,26
596,860,30,26
526,857,5,26
606,879,25,26
625,844,22,26
559,792,10,26
539,788,8,26
566,810,18,26
537,837,27,26
619,866,11,26
619,852,19,26
598,810,5,26
609,813,27,26
517,840,27,26
613,813,14,26
547,855,28,26
509,813,21,26
573,854,23,26
529,840,23,26
529,845,17,26
621,824,24,26
516,790,18,26
501,832,13,26
526,844,26,26
532,814,5,26
519,854,18,26
550,843,20,26
623,874,8,26
619,873,6,26
510,793,14,26
514,811,8,26
499,804,12,26
566,797,10,26
536,814,11,26
501,799,4,26
497,836,11,26
509,843,11,26
573,878,23,27
563,879,30,27
561,893,15,27
535,871,29,27
520,869,9,27
571,879,14,27
569,895,18,27
571,875,27,27
544,879,11,27
527,866,9,27
519,868,11,27
535,872,12,27
653,588,11,28
578,609,12,28
602,596,30,28
625,571,30,28
596,601,30,28
605,570,30,28
611,583,30,28
657,580,11,28
605,561,30,28
646,596,22,28
574,603,28,28
644,543,25,28
623,559,24,28
614,614,18,28
639,561,29,28
566,613,10,28
629,558,17,28
642,564,28,28
606,615,6,28
586,596,29,28
563,598,13,28
625,562,23,28
641,563,22,28
623,564,25,28
647,533,11,28
619,557,23,28
565,584,15,28
632,551,20,28
620,618,16,28
653,578,14,28
624,556,16,28
655,587,17,28
631,592,4,28
653,563,23,28
639,552,23,28
641,554,7,28
592,617,24,28
651,549,14,28
650,595,5,28
640,544,27,28
554,606,7,28
563,608,14,28
580,573,6,28
656,573,7,28
632,544,15,28
552,586,5,28
637,549,14,28
566,586,16,28
547,598,8,28
651,582,6,28
649,569,24,28
563,609,17,28
557,586,5,28
618,550,8,28
589,592,4,28
650,528,7,28
544,604,9,28
622,548,6,28
653,591,9,28
549,601,5,28
646,562,6,28
608,567,5,28
634,519,10,28
614,522,5,29
582,526,15,29
563,560,30,29
586,537,30,29
613,544,30,29
605,549,30,29
593,548,30,29
610,533,30,29
669,528,9,29
603,546,25,29
555,550,28,29
574,547,29,29
577,532,26,29
544,563,16,29
593,512,25,29
598,531,29,29
572,516,25,29
613,520,21,29
583,561,26,29
629,536,28,29
571,556,24,29
574,561,19,29
556,544,25,29
703,476,6,29
589,526,26,29
547,572,17,29
604,538,25,29
606,490,8,29
566,549,30,29
562,565,30,29
598,543,28,29
608,524,29,29
551,566,19,29
559,574,17,29
626,537,19,29
582,511,27,29
550,574,8,29
623,497,11,29
605,495,10,29
619,510,23,29
550,547,25,29
617,512,17,29
546,575,13,29
542,539,14,29
575,563,22,29
626,511,14,29
580,500,6,29
563,500,9,29
554,514,9,29
566,569,21,29
550,569,10,29
552,573,4,29
542,566,10,29
569,466,7,29
595,499,6,29
714,458,6,29
548,548,5,29
550,579,12,29
583,503,5,29
569,499,5,29
575,971,9,30
662,987,6,30
627,961,30,30
629,976,5,30
621,1005,29,30
640,943,30,30
546,979,6,30
576,943,9,30
584,1015,12,30
606,987,28,30
673,980,27,30
584,969,25,30
592,972,20,30
661,991,5,30
683,981,27,30
573,932,8,30
592,989,28,30
692,969,8,30
650,1006,30,30
691,975,26,30
581,944,18,30
594,1000,12,30
618,1012,13,30
576,989,10,30
664,915,22,30
739,1025,6,30
601,932,24,30
740,1023,6,30
622,940,29,30
577,998,15,30
695,980,17,30
539,977,4,30
562,983,13,30
573,946,4,30
567,937,7,30
588,923,12,30
618,1016,9,30
647,908,4,30
578,932,14,30
536,1008,5,30
566,955,9,30
648,942,5,30
541,914,6,30
556,973,5,30
622,898,9,30
694,986,6,30
601,359,16,31
587,397,14,31
591,334,14,31
580,344,7,31
599,405,9,31
701,419,18,31
573,381,11,31
739,350,4,31
665,421,23,31
608,256,7,31
727,385,14,31
553,397,8,31
606,320,18,31
606,377,25,31
624,323,14,31
715,352,17,31
691,335,19,31
640,403,29,31
681,370,27,31
625,453,11,31
725,415,8,31
694,420,21,31
605,343,21,31
666,350,28,31
669,390,27,31
678,273,10,31
643,449,13,31
623,388,28,31
745,350,11,31
679,357,26,31
620,298,11,31
716,311,13,31
659,358,28,31
622,406,24,31
692,348,17,31
689,394,25,31
612,375,15,31
650,396,28,31
674,365,21,31
672,344,27,31
683,334,18,31
610,372,13,31
640,399,4,31
568,405,9,31
687,297,10,31
734,347,7,31
574,417,7,31
657,458,10,31
685,413,25,31
688,369,20,31
659,453,11,31
608,421,20,31
686,309,17,31
574,380,8,31
715,305,11,31
556,372,8,31
653,423,23,31
617,419,22,31
747,330,11,31
655,455,12,31
605,422,10,31
588,280,7,31
604,423,6,31
654,464,6,31
706,282,8,31
759,329,7,31
645,295,6,31
700,347,14,31
717,371,4,31
701,435,9,31
615,444,13,31
684,325,22,31
690,357,24,31
636,446,16,31
737,315,11,31
601,327,20,31
597,444,10,31
650,407,27,31
592,436,11,31
660,290,16,31
753,388,10,31
614,395,7,31
638,456,9,31
717,362,13,31
668,440,18,31
637,280,11,31
587,386,5,31
640,451,10,31
672,374,23,31
734,327,4,31
654,285,10,31
743,373,11,31
740,350,8,31
646,459,6,31
725,330,13,31
605,292,6,31
731,359,13,31
756,336,6,31
583,390,9,31
565,355,11,31
613,278,11,31
605,260,7,31
617,296,10,31
596,322,11,31
603,351,9,31
714,403,13,31
586,420,9,31
742,319,4,31
754,379,10,31
662,283,8,31
723,322,8,31
606,441,10,31
635,455,15,31
637,295,7,31
744,361,10,31
589,325,4,31
585,326,5,31
761,323,6,31
712,302,8,31
595,282,7,31
582,413,10,31
747,330,9,31
635,452,16,31
652,460,9,31
599,325,8,31
649,452,9,31
574,368,4,31
655,311,4,31
597,424,10,31
683,285,10,31
691,309,10,31
599,335,6,31
594,287,4,31
600,427,13,31
584,390,6,31
643,470,9,31
684,333,11,31
609,294,13,31
699,279,9,31
607,382,13,31
563,368,5,31
559,355,7,31
603,267,4,31
722,388,6,31
713,277,7,31
605,278,11,31
733,319,6,31
727,318,6,31
715,273,11,31
718,438,6,31
598,453,7,31
717,283,6,31
753,337,8,31
708,436,4,31
638,465,5,31
668,404,4,31
737,358,5,31
584,396,12,31
578,416,10,31
591,444,8,31
640,287,6,31
600,290,6,31
613,302,8,31
645,467,10,31
710,426,7,31
714,286,4,31
554,402,8,31
557,360,9,31
636,267,8,31
600,372,15,31
598,293,6,31
591,263,4,31
646,465,8,31
705,298,9,31
572,332,4,31
722,366,7,31
719,330,5,31
564,361,5,31
706,278,5,31
600,317,10,31
578,316,10,31
729,362,14,31
593,280,7,31
557,408,5,31
696,353,6,31
562,362,7,31
570,356,5,31
600,453,10,31
598,258,4,31
688,293,9,31
646,279,7,31
592,261,6,31
591,387,8,31
572,393,9,31
574,363,5,31
695,309,6,31
584,290,6,31
608,385,21,31
630,451,10,31
595,889,25,32
580,880,29,32
580,877,30,32
596,896,19,32
593,874,28,32
580,868,25,32
577,868,23,32
674,697,6,33
639,763,30,33
665,767,30,33
658,794,30,33
648,670,11,33
705,728,30,33
648,775,30,33
693,778,30,33
661,782,27,33
630,732,27,33
623,745,23,33
633,799,22,33
656,680,22,33
617,771,23,33
637,789,22,33
695,788,30,33
691,763,26,33
617,698,13,33
707,756,29,33
646,739,26,33
627,700,21,33
664,684,8,33
690,795,19,33
636,740,25,33
716,731,23,33
644,724,16,33
666,822,22,33
671,825,11,33
687,636,8,33
618,800,16,33
671,846,8,33
715,748,6,33
666,687,10,33
621,805,14,33
671,683,12,33
687,685,16,33
678,814,24,33
647,672,9,33
674,792,10,33
707,790,17,33
628,697,14,33
644,788,22,33
627,714,12,33
621,695,10,33
670,847,12,33
692,642,10,33
719,784,16,33
608,699,9,33
644,676,8,33
654,705,6,33
675,863,11,33
612,787,12,33
601,757,6,33
649,673,15,33
635,792,10,33
675,857,8,33
658,787,6,33
655,834,7,33
592,750,9,33
641,688,11,33
632,761,11,33
615,756,11,33
720,772,9,33
662,667,5,33
691,659,4,33
668,730,24,33
713,703,7,33
672,665,7,33
643,655,6,33
667,853,8,33
649,667,9,33
676,669,8,33
638,692,11,33
655,846,6,33
641,814,6,33
685,18,8,34
684,20,8,34
677,28,10,34
744,640,11,35
750,614,9,35
795,523,9,35
767,489,20,35
747,528,30,35
728,539,30,35
762,392,8,35
719,575,11,35
799,558,5,35
756,565,29,35
751,533,29,35
742,538,30,35
715,520,18,35
739,513,21,35
752,522,28,35
747,638,14,35
742,466,6,35
734,595,21,35
722,599,23,35
800,501,13,35
791,567,30,35
717,625,17,35
765,600,22,35
783,608,17,35
768,497,15,35
760,490,17,35
764,632,12,35
759,604,21,35
682,525,13,35
754,604,18,35
757,505,9,35
772,486,14,35
763,607,22,35
670,558,9,35
703,542,27,35
716,608,5,35
715,580,13,35
735,433,6,35
739,421,9,35
766,496,15,35
706,510,14,35
750,621,12,35
783,479,15,35
792,494,13,35
762,491,12,35
784,476,12,35
717,619,9,35
805,569,10,35
760,623,15,35
765,568,13,35
785,502,23,35
713,592,9,35
790,501,12,35
791,481,9,35
738,527,8,35
761,596,14,35
748,626,5,35
707,624,11,35
806,510,10,35
687,586,11,35
711,604,18,35
679,541,6,35
703,615,6,35
713,500,11,35
756,613,21,35
756,597,12,35
817,519,15,35
701,601,18,35
675,572,4,35
743,573,18,35
794,497,9,35
749,489,9,35
766,466,10,35
735,590,10,35
735,656,8,35
747,640,8,35
674,539,9,35
750,487,12,35
672,563,7,35
755,492,14,35
756,629,7,35
693,490,4,35
780,608,6,35
718,478,8,35
711,591,19,35
755,512,14,35
692,535,9,35
678,572,7,35
799,465,7,35
776,607,6,35
699,513,5,35
738,422,4,35
787,483,8,35
694,557,6,35
728,607,5,35
693,520,7,35
693,503,5,35
727,637,12,35
678,575,10,35
710,480,8,35
697,538,7,35
817,477,8,35
767,467,7,35
794,476,5,35
785,390,4,35
764,635,8,35
785,475,7,35
753,406,4,35
701,485,5,35
814,515,7,35
802,1002,26,36
783,974,30,36
819,983,30,36
838,978,30,36
802,950,30,36
817,995,29,36
773,1009,30,36
841,980,27,36
840,966,29,36
831,1025,28,36
830,941,30,36
830,966,30,36
831,997,29,36
804,1012,30,36
819,1023,24,36
801,1023,25,36
830,1025,5,36
801,945,18,36
819,985,24,36
777,1019,26,36
787,1017,29,36
787,959,30,36
833,1018,21,36
836,1009,23,36
849,982,16,36
853,954,27,36
841,977,20,36
754,1007,8,36
795,1013,22,36
767,993,4,36
863,977,13,36
754,976,15,36
831,983,19,36
752,977,16,36
857,936,13,36
832,893,5,36
832,1022,10,36
819,1006,15,36
857,986,9,36
750,993,9,36
827,929,13,36
809,1015,6,36
768,1020,5,36
770,965,9,36
863,985,16,36
845,1002,8,36
710,971,8,36
758,840,12,37
702,856,30,37
745,833,30,37
749,835,14,37
756,877,30,37
718,890,27,37
747,921,16,37
716,827,25,37
767,828,21,37
784,879,18,37
729,857,23,37
735,819,23,37
708,839,26,37
757,851,21,37
734,813,18,37
770,882,29,37
710,853,29,37
745,847,21,37
713,888,11,37
721,831,27,37
767,882,4,37
699,885,10,37
784,885,28,37
720,832,20,37
700,818,10,37
761,844,8,37
759,828,27,37
704,944,8,37
692,865,17,37
797,879,6,37
740,828,12,37
719,824,10,37
753,831,14,37
723,811,11,37
771,851,12,37
722,846,26,37
715,897,4,37
731,837,4,37
763,809,4,37
712,906,6,37
698,823,11,37
737,813,9,37
705,903,10,37
716,940,4,37
818,635,9,38
828,679,21,38
807,701,7,38
868,682,13,38
861,680,5,38
828,645,4,38
825,637,21,38
805,656,6,38
892,623,28,38
832,718,11,38
831,596,30,38
820,638,17,38
919,633,5,38
801,638,10,38
874,534,22,38
856,593,30,38
825,540,15,38
911,566,21,38
856,640,28,38
818,576,28,38
900,574,29,38
819,628,27,38
839,547,28,38
855,677,22,38
853,671,24,38
870,681,10,38
869,672,11,38
832,675,15,38
874,645,28,38
891,527,11,38
863,634,23,38
906,541,13,38
899,647,20,38
910,552,18,38
911,616,9,38
908,618,19,38
822,607,22,38
885,655,20,38
853,689,11,38
915,563,9,38
880,614,27,38
834,653,13,38
853,711,7,38
916,598,19,38
823,676,17,38
846,684,22,38
850,655,26,38
875,541,14,38
811,621,13,38
852,692,11,38
847,677,12,38
831,704,14,38
879,646,21,38
812,596,22,38
847,707,12,38
851,539,13,38
915,593,18,38
879,660,21,38
881,682,7,38
804,725,10,38
876,640,5,38
887,665,13,38
807,633,17,38
866,676,6,38
834,545,5,38
918,637,9,38
880,531,17,38
903,606,7,38
820,699,13,38
923,571,10,38
801,589,13,38
798,688,13,38
754,723,5,38
887,530,9,38
779,657,4,38
824,697,5,38
778,736,7,38
851,696,10,38
784,726,12,38
846,704,10,38
919,536,10,38
826,718,11,38
836,701,9,38
824,537,12,38
832,527,17,38
781,737,6,38
802,716,9,38
839,664,11,38
800,650,5,38
871,527,9,38
812,600,9,38
899,594,4,38
926,596,10,38
924,586,18,38
857,673,8,38
828,679,6,38
923,662,6,38
815,687,8,38
866,685,11,38
837,709,4,38
815,710,11,38
789,722,4,38
818,730,11,38
818,600,4,38
799,623,4,38
876,580,5,38
842,524,6,38
863,528,6,38
908,599,10,38
859,135,12,39
850,83,26,39
760,56,7,39
859,50,7,39
882,101,4,39
785,18,12,39
844,135,6,39
818,21,20,39
836,127,8,39
815,120,22,39
858,136,7,39
810,94,26,39
828,103,28,39
772,84,19,39
807,80,23,39
800,80,26,39
820,110,27,39
798,122,21,39
870,79,23,39
852,75,4,39
814,71,29,39
812,116,27,39
796,60,22,39
830,127,15,39
812,100,29,39
838,107,4,39
819,11,15,39
809,131,18,39
864,60,4,39
821,115,26,39
891,109,9,39
780,53,22,39
894,87,8,39
801,114,25,39
898,95,5,39
864,121,9,39
880,75,9,39
856,42,20,39
881,123,13,39
817,137,14,39
810,118,21,39
867,95,21,39
781,32,13,39
785,69,24,39
880,108,8,39
791,129,15,39
813,141,17,39
771,36,6,39
769,46,9,39
849,51,22,39
784,140,7,39
888,77,13,39
873,121,6,39
767,65,7,39
808,17,9,39
868,78,15,39
892,87,15,39
758,30,6,39
898,110,8,39
866,134,11,39
856,30,9,39
768,80,8,39
802,3,13,39
772,41,12,39
883,70,7,39
764,60,12,39
880,105,16,39
859,147,5,39
757,22,9,39
803,22,8,39
883,114,10,39
875,61,6,39
840,118,7,39
839,152,11,39
782,16,10,39
829,129,13,39
890,102,4,39
882,127,8,39
819,126,8,39
776,123,7,39
859,132,10,39
763,19,4,39
799,131,8,39
859,39,13,39
788,23,6,39
792,133,8,39
863,130,6,39
791,10,7,39
842,229,9,40
810,227,5,40
878,283,19,40
883,194,20,40
842,212,26,40
844,237,14,40
805,189,19,40
890,216,30,40
875,213,30,40
811,272,21,40
865,195,16,40
861,217,30,40
816,245,28,40
801,233,8,40
845,202,30,40
796,212,21,40
831,263,30,40
804,215,28,40
812,244,30,40
789,220,17,40
873,209,29,40
828,277,22,40
804,239,26,40
809,193,25,40
825,199,26,40
846,202,27,40
863,294,20,40
854,184,26,40
833,183,24,40
848,188,26,40
826,275,22,40
804,204,17,40
831,252,21,40
835,195,27,40
796,246,21,40
808,249,24,40
816,293,11,40
835,179,14,40
863,200,27,40
895,186,12,40
812,220,21,40
809,269,17,40
779,179,11,40
834,182,14,40
793,231,17,40
842,218,19,40
906,209,15,40
804,218,9,40
880,181,6,40
837,269,13,40
778,189,11,40
846,203,19,40
833,172,13,40
841,209,18,40
792,202,16,40
821,276,5,40
876,172,8,40
789,270,5,40
792,186,9,40
805,260,6,40
838,201,13,40
819,299,9,40
781,226,15,40
809,280,9,40
838,201,10,40
809,174,12,40
819,265,9,40
825,205,9,40
860,184,11,40
797,233,10,40
810,241,8,40
838,221,9,40
809,221,10,40
842,250,4,40
797,214,6,40
833,169,10,40
861,311,4,40
795,233,6,40
868,302,5,40
782,236,7,40
796,203,5,40
906,824,12,41
851,875,7,41
822,790,29,41
839,815,30,41
922,838,11,41
798,801,22,41
922,798,21,41
925,800,4,41
852,805,30,41
820,778,24,41
896,760,16,41
858,758,17,41
898,852,13,41
909,840,10,41
816,784,22,41
890,850,18,41
860,798,13,41
793,805,16,41
897,828,12,41
820,862,13,41
873,783,26,41
905,762,18,41
935,714,6,41
951,795,5,41
940,775,4,41
867,747,11,41
849,869,6,41
898,786,22,41
916,874,4,41
820,854,12,41
918,847,12,41
832,870,11,41
913,746,8,41
934,806,10,41
842,781,4,41
804,840,11,41
938,817,10,41
907,814,18,41
876,864,17,41
945,757,4,41
898,768,7,41
923,747,6,41
860,874,11,41
799,809,15,41
881,766,18,41
886,823,18,41
919,770,15,41
928,784,12,41
892,729,9,41
959,792,6,41
949,798,11,41
828,730,9,41
909,762,11,41
896,767,6,41
868,701,10,41
905,827,18,41
905,836,8,41
775,809,8,41
913,758,6,41
934,790,12,41
777,795,9,41
928,768,6,41
888,722,8,41
931,752,8,41
935,750,6,41
791,733,6,41
878,833,10,41
778,791,6,41
885,834,8,41
866,803,11,41
802,443,4,42
884,383,9,42
827,307,6,42
847,393,6,42
831,379,9,42
871,371,5,42
939,425,6,42
904,450,7,42
883,426,30,42
839,409,30,42
903,460,30,42
955,450,6,42
827,446,26,42
905,473,21,42
821,437,27,42
846,382,30,42
878,385,30,42
845,386,30,42
874,382,29,42
849,346,17,42
909,447,28,42
866,417,30,42
848,456,27,42
845,371,29,42
843,340,11,42
830,462,24,42
909,435,29,42
831,386,15,42
857,381,22,42
843,376,10,42
832,366,17,42
866,350,18,42
869,385,26,42
859,388,28,42
851,390,26,42
865,367,24,42
842,349,21,42
895,487,18,42
820,406,23,42
820,415,10,42
840,314,23,42
839,514,7,42
865,390,28,42
831,332,18,42
835,385,8,42
878,374,15,42
853,436,6,42
819,422,16,42
853,363,21,42
832,349,12,42
890,375,19,42
948,463,7,42
872,370,13,42
880,476,16,42
907,458,17,42
821,410,15,42
879,379,22,42
900,505,6,42
924,478,5,42
898,517,6,42
830,401,13,42
821,421,17,42
842,411,11,42
851,477,16,42
821,392,16,42
849,359,16,42
875,374,9,42
904,391,13,42
832,420,10,42
846,336,13,42
882,358,9,42
863,382,13,42
841,455,11,42
825,430,7,42
857,348,9,42
835,357,13,42
844,496,5,42
831,376,7,42
808,355,12,42
853,443,8,42
843,499,6,42
881,361,10,42
849,337,10,42
854,446,5,42
973,477,6,42
784,440,5,42
914,401,4,42
902,387,9,42
818,386,6,42
793,376,5,42
877,21,9,43
918,4,11,43
861,17,5,43
909,14,5,43
854,10,5,43
861,2,6,43
916,7,8,43
862,11,8,43
912,16,5,43
890,14,4,43
888,1015,7,44
894,996,10,44
931,922,13,44
952,1006,24,44
909,966,29,44
934,975,28,44
886,971,23,44
942,959,30,44
873,1010,12,44
958,931,11,44
944,961,18,44
891,985,27,44
962,972,27,44
917,993,28,44
948,964,28,44
950,947,24,44
892,982,29,44
942,948,20,44
961,948,6,44
934,920,11,44
926,918,9,44
964,951,7,44
954,1015,22,44
953,932,13,44
902,938,9,44
885,957,20,44
952,941,6,44
896,935,5,44
882,1011,16,44
861,1008,4,44
926,932,8,44
894,933,4,44
958,975,5,44
963,227,10,45
919,266,13,45
919,327,7,45
941,369,18,45
922,322,7,45
958,214,9,45
934,342,30,45
941,245,30,45
963,316,30,45
889,328,18,45
934,232,30,45
908,330,30,45
970,246,30,45
912,199,7,45
956,236,28,45
909,264,18,45
947,247,30,45
980,289,30,45
912,252,27,45
890,348,18,45
921,246,23,45
931,241,28,45
984,271,26,45
934,356,21,45
955,212,8,45
969,225,25,45
960,189,7,45
949,226,18,45
936,231,19,45
927,356,18,45
937,214,25,45
924,350,24,45
964,342,22,45
926,248,27,45
942,403,8,45
906,361,6,45
945,194,13,45
935,390,13,45
913,204,13,45
960,237,17,45
946,383,14,45
913,353,23,45
942,226,20,45
910,225,7,45
893,305,12,45
930,309,4,45
964,229,17,45
976,306,8,45
927,393,7,45
962,210,22,45
950,208,18,45
902,289,9,45
945,352,27,45
966,230,19,45
951,226,21,45
972,253,22,45
938,401,9,45
932,222,8,45
968,241,26,45
955,291,8,45
913,255,7,45
913,242,10,45
921,379,5,45
955,217,7,45
918,264,10,45
954,293,12,45
931,382,12,45
914,341,6,45
913,355,7,45
899,266,12,45
923,384,12,45
989,266,6,45
920,350,6,45
979,266,4,45
914,383,6,45
941,383,7,45
932,406,6,45
890,316,19,45
928,229,13,45
976,231,10,45
916,331,11,45
912,336,7,45
894,316,7,45
935,205,7,45
905,369,5,45
905,282,22,45
932,397,5,45
935,371,18,45
933,332,7,45
939,893,4,46
977,841,16,46
1010,899,25,46
996,881,27,46
953,907,7,46
970,879,5,46
990,842,12,46
1001,897,22,46
968,868,21,46
997,913,16,46
977,915,5,46
949,883,16,46
978,865,13,46
972,893,11,46
966,863,11,46
968,851,10,46
949,911,8,46
995,543,9,47
971,536,11,47
1025,608,6,47
1003,587,6,47
990,593,12,47
988,546,5,47
929,535,10,47
1003,510,6,47
965,638,7,47
1018,487,16,47
959,560,8,47
993,513,14,47
1021,621,6,47
971,564,12,47
972,570,11,47
956,646,5,47
995,497,8,47
999,561,12,47
958,629,6,47
953,651,5,47
1022,125,25,48
1000,122,7,48
1004,147,18,48
971,138,10,48
1000,156,28,48
971,121,14,48
1018,14,19,48
978,100,14,48
997,126,12,48
971,139,19,48
1002,33,14,48
986,159,22,48
1008,131,27,48
1000,15,12,48
1012,130,20,48
1023,82,20,48
987,149,21,48
1006,153,27,48
988,151,17,48
983,105,16,48
1010,107,23,48
1014,192,18,48
1004,59,7,48
976,151,20,48
993,32,12,48
1001,23,17,48
1011,185,6,48
994,146,23,48
997,80,17,48
949,134,15,48
958,118,5,48
991,150,6,48
964,107,13,48
985,20,8,48
978,44,9,48
995,116,13,48
1022,101,21,48
1019,9,17,48
971,117,11,48
994,8,9,48
972,110,17,48
958,159,7,48
994,16,13,48
1006,178,5,48
1016,103,18,48
974,102,17,48
1023,154,8,48
974,137,6,48
968,117,13,48
991,131,17,48
998,22,7,48
1025,16,9,48
968,105,12,48
974,120,20,48
994,130,21,48
972,122,9,48
1025,25,15,48
1005,38,7,48
1008,33,11,48
986,14,8,48
1014,9,10,48
962,149,15,48
995,56,3,48
1015,200,11,48
968,127,15,48
987,87,13,48
1003,72,5,48
1001,13,5,48
973,90,16,48
1017,99,16,48
981,29,12,48
991,177,7,48
1013,63,10,48
1008,140,4,48
966,140,8,48
990,133,9,48
959,28,9,48
993,51,9,48
1013,24,15,48
980,150,8,48
942,131,7,48
1012,15,14,48
1010,13,12,48
961,136,12,48
1025,186,5,48
1005,11,7,48
1020,29,5,48
1002,33,4,48
954,36,9,48
986,157,9,48
994,83,7,48
968,70,4,48
991,180,10,48
955,102,5,48
975,156,4,48
1017,126,21,48
1015,126,21,48
985,734,8,49
1011,741,12,49
1016,653,9,49
1023,702,6,49
989,723,14,49
991,687,12,49
997,681,10,49
1010,710,18,49
1018,713,19,49
953,683,5,49
1003,672,7,49
1002,654,5,49
1012,748,14,49
979,737,12,49
997,741,5,49
1007,749,6,49
958,703,6,49
985,651,7,49
975,679,7,49
982,686,6,49
989,722,8,49
966,732,5,49
979,667,11,49
955,671,7,49
984,718,10,49
984,697,10,49
963,681,6,49
1007,691,4,49
1017,305,5,50
984,417,9,50
1019,295,22,50
1023,363,30,50
965,358,15,50
976,417,25,50
1015,299,24,50
1024,336,29,50
957,361,14,50
990,428,22,50
993,337,26,50
1006,421,20,50
967,356,9,50
1000,416,28,50
977,439,11,50
1017,338,28,50
1023,266,6,50
1013,314,24,50
1009,285,10,50
986,357,23,50
1003,422,22,50
969,435,17,50
997,429,8,50
995,333,26,50
992,336,10,50
993,420,6,50
966,426,11,50
986,332,17,50
1001,343,28,50
979,318,10,50
980,434,7,50
1000,436,11,50
1019,415,15,50
986,387,11,50
1013,260,11,50
986,440,15,50
961,364,10,50
1012,434,17,50
976,444,13,50
1004,298,13,50
985,446,5,50
976,429,11,50
963,420,7,50
979,326,13,50
971,350,10,50
983,342,13,50
996,436,6,50
974,457,10,50
981,455,6,50
963,430,14,50
1019,256,5,50
980,444,10,50
987,314,8,50
1017,428,7,50
1011,305,8,50
971,424,16,50
999,274,6,50
1007,316,4,50
979,427,13,50
1009,273,7,50
977,441,7,50
1011,351,12,50
1006,437,6,50
974,414,8,50
1020,287,6,50
980,314,7,50
986,452,10,50
990,371,5,50
1013,427,17,50
1007,980,20,51
1012,1024,28,51
1002,1018,27,51
984,994,7,51
1000,1007,24,51
1010,994,18,51
986,1001,7,51
1006,978,9,51
